BEGIN
CREATE TABLE
INSERT 0 17
 rk |      team       |  str  |  ofs  |  dfs  |  sos  
----+-----------------+-------+-------+-------+-------
  1 | Crusaders       |  0.44 |  0.20 | -0.23 |  0.00
  2 | Sharks          |  0.38 |  0.25 | -0.13 | -0.05
  3 | Queensland Reds |  0.33 |  0.26 | -0.07 | -0.17
  4 | Brumbies        |  0.30 |  0.14 | -0.15 | -0.11
  5 | Jaguares        |  0.23 |  0.13 | -0.09 | -0.01
  6 | Stormers        |  0.19 | -0.14 | -0.34 | -0.05
  7 | Blues           |  0.19 |  0.05 | -0.13 |  0.03
  8 | Reds            |  0.18 |  0.10 | -0.09 | -0.08
  9 | Highlanders     |  0.07 |  0.11 |  0.04 |  0.07
 10 | Chiefs          |  0.04 |  0.02 | -0.02 |  0.06
 11 | Hurricanes      |  0.02 |  0.06 |  0.04 |  0.07
 12 | Bulls           | -0.07 | -0.10 | -0.03 |  0.02
 13 | Rebels          | -0.08 | -0.10 | -0.02 | -0.05
 14 | Force           | -0.34 | -0.29 |  0.05 |  0.00
 15 | Lions           | -0.49 | -0.17 |  0.32 |  0.06
 16 | Waratahs        | -0.57 | -0.23 |  0.33 |  0.03
 17 | Sunwolves       | -0.84 | -0.25 |  0.59 |  0.04
(17 rows)

 rk |      team       |  str  |  ofs  |  dfs  |  sos  
----+-----------------+-------+-------+-------+-------
  1 | Crusaders       |  0.44 |  0.20 | -0.23 |  0.00
  2 | Sharks          |  0.38 |  0.25 | -0.13 | -0.05
  3 | Queensland Reds |  0.33 |  0.26 | -0.07 | -0.17
  4 | Brumbies        |  0.30 |  0.14 | -0.15 | -0.11
  5 | Jaguares        |  0.23 |  0.13 | -0.09 | -0.01
  6 | Stormers        |  0.19 | -0.14 | -0.34 | -0.05
  7 | Blues           |  0.19 |  0.05 | -0.13 |  0.03
  8 | Reds            |  0.18 |  0.10 | -0.09 | -0.08
  9 | Highlanders     |  0.07 |  0.11 |  0.04 |  0.07
 10 | Chiefs          |  0.04 |  0.02 | -0.02 |  0.06
 11 | Hurricanes      |  0.02 |  0.06 |  0.04 |  0.07
 12 | Bulls           | -0.07 | -0.10 | -0.03 |  0.02
 13 | Rebels          | -0.08 | -0.10 | -0.02 | -0.05
 14 | Force           | -0.34 | -0.29 |  0.05 |  0.00
 15 | Lions           | -0.49 | -0.17 |  0.32 |  0.06
 16 | Waratahs        | -0.57 | -0.23 |  0.33 |  0.03
 17 | Sunwolves       | -0.84 | -0.25 |  0.59 |  0.04
(17 rows)

COPY 17
COMMIT
