BEGIN
CREATE TABLE
INSERT 0 14
 rk |       team       |  str  |  ofs  |  dfs  |  sos  
----+------------------+-------+-------+-------+-------
  1 | Canterbury       |  0.51 |  0.28 | -0.24 | -0.04
  2 | Bay of Plenty    |  0.38 |  0.21 | -0.18 |  0.01
  3 | North Harbour    |  0.35 |  0.24 | -0.11 | -0.05
  4 | Wellington       |  0.22 |  0.09 | -0.13 |  0.01
  5 | Waikato          |  0.21 |  0.05 | -0.16 |  0.04
  6 | Hawke's Bay      |  0.17 |  0.01 | -0.16 |  0.03
  7 | Auckland         |  0.13 |  0.02 | -0.11 |  0.04
  8 | Otago            | -0.02 | -0.02 | -0.01 | -0.09
  9 | Tasman           | -0.03 |  0.02 |  0.06 |  0.05
 10 | Northland        | -0.18 | -0.25 | -0.07 |  0.00
 11 | Counties Manukau | -0.26 | -0.09 |  0.17 |  0.00
 12 | Taranaki         | -0.26 | -0.27 | -0.01 | -0.02
 13 | Southland        | -0.50 | -0.10 |  0.41 |  0.02
 14 | Manawatu         | -0.73 | -0.18 |  0.55 |  0.02
(14 rows)

 rk |       team       |  str  |  ofs  |  dfs  |  sos  
----+------------------+-------+-------+-------+-------
  1 | Canterbury       |  0.51 |  0.28 | -0.24 | -0.04
  2 | Bay of Plenty    |  0.38 |  0.21 | -0.18 |  0.01
  3 | North Harbour    |  0.35 |  0.24 | -0.11 | -0.05
  4 | Wellington       |  0.22 |  0.09 | -0.13 |  0.01
  5 | Waikato          |  0.21 |  0.05 | -0.16 |  0.04
  6 | Hawke's Bay      |  0.17 |  0.01 | -0.16 |  0.03
  7 | Auckland         |  0.13 |  0.02 | -0.11 |  0.04
  8 | Otago            | -0.02 | -0.02 | -0.01 | -0.09
  9 | Tasman           | -0.03 |  0.02 |  0.06 |  0.05
 10 | Northland        | -0.18 | -0.25 | -0.07 |  0.00
 11 | Counties Manukau | -0.26 | -0.09 |  0.17 |  0.00
 12 | Taranaki         | -0.26 | -0.27 | -0.01 | -0.02
 13 | Southland        | -0.50 | -0.10 |  0.41 |  0.02
 14 | Manawatu         | -0.73 | -0.18 |  0.55 |  0.02
(14 rows)

COPY 14
COMMIT
