BEGIN
CREATE TABLE
INSERT 0 17
 rk |     team     |  str  |  ofs  |  dfs  |  sos  
----+--------------+-------+-------+-------+-------
  1 | Panthers     |  0.39 |  0.14 | -0.25 | -0.02
  2 | Roosters     |  0.22 |  0.16 | -0.06 | -0.01
  3 | Storm        |  0.21 |  0.12 | -0.09 |  0.01
  4 | Broncos      |  0.17 |  0.10 | -0.07 | -0.01
  5 | Sharks       |  0.15 |  0.08 | -0.08 | -0.01
  6 | Dolphins     |  0.15 |  0.17 |  0.02 | -0.02
  7 | Warriors     |  0.12 |  0.01 | -0.12 | -0.01
  8 | Sea Eagles   |  0.10 |  0.03 | -0.06 | -0.01
  9 | Raiders      |  0.04 |  0.05 |  0.01 |  0.00
 10 | Bulldogs     |  0.03 | -0.09 | -0.11 | -0.02
 11 | Rabbitohs    | -0.08 | -0.05 |  0.03 |  0.03
 12 | Cowboys      | -0.15 |  0.00 |  0.15 |  0.01
 13 | Wests Tigers | -0.15 | -0.08 |  0.07 | -0.02
 14 | Eels         | -0.22 | -0.08 |  0.14 |  0.02
 15 | Titans       | -0.27 | -0.10 |  0.18 |  0.01
 16 | Knights      | -0.34 | -0.22 |  0.12 |  0.02
 17 | Dragons      | -0.37 | -0.19 |  0.18 |  0.02
(17 rows)

 rk |     team     |  str  |  ofs  |  dfs  |  sos  
----+--------------+-------+-------+-------+-------
  1 | Panthers     |  0.39 |  0.14 | -0.25 | -0.02
  2 | Roosters     |  0.22 |  0.16 | -0.06 | -0.01
  3 | Storm        |  0.21 |  0.12 | -0.09 |  0.01
  4 | Broncos      |  0.17 |  0.10 | -0.07 | -0.01
  5 | Sharks       |  0.15 |  0.08 | -0.08 | -0.01
  6 | Dolphins     |  0.15 |  0.17 |  0.02 | -0.02
  7 | Warriors     |  0.12 |  0.01 | -0.12 | -0.01
  8 | Sea Eagles   |  0.10 |  0.03 | -0.06 | -0.01
  9 | Raiders      |  0.04 |  0.05 |  0.01 |  0.00
 10 | Bulldogs     |  0.03 | -0.09 | -0.11 | -0.02
 11 | Rabbitohs    | -0.08 | -0.05 |  0.03 |  0.03
 12 | Cowboys      | -0.15 |  0.00 |  0.15 |  0.01
 13 | Wests Tigers | -0.15 | -0.08 |  0.07 | -0.02
 14 | Eels         | -0.22 | -0.08 |  0.14 |  0.02
 15 | Titans       | -0.27 | -0.10 |  0.18 |  0.01
 16 | Knights      | -0.34 | -0.22 |  0.12 |  0.02
 17 | Dragons      | -0.37 | -0.19 |  0.18 |  0.02
(17 rows)

COPY 17
COMMIT
