BEGIN
CREATE TABLE
INSERT 0 12
 rk |       team       |  str  |  ofs  |  dfs  |  sos  
----+------------------+-------+-------+-------+-------
  1 | Leinster         |  0.59 |  0.49 | -0.09 | -0.03
  2 | Ulster           |  0.37 |  0.27 | -0.10 |  0.01
  3 | Munster          |  0.34 |  0.20 | -0.14 | -0.03
  4 | Connacht         |  0.19 |  0.21 |  0.02 | -0.03
  5 | Ospreys          |  0.01 | -0.06 | -0.08 | -0.02
  6 | Scarlets         |  0.01 | -0.04 | -0.05 | -0.05
  7 | Glasgow Warriors | -0.07 | -0.04 |  0.03 |  0.11
  8 | Edinburgh        | -0.09 | -0.10 | -0.01 |  0.09
  9 | Cardiff Blues    | -0.16 | -0.24 | -0.08 |  0.05
 10 | Dragons          | -0.22 | -0.08 |  0.14 |  0.03
 11 | Benetton         | -0.44 | -0.27 |  0.17 |  0.03
 12 | Zebre            | -0.49 | -0.29 |  0.21 | -0.01
(12 rows)

 rk |       team       |  str  |  ofs  |  dfs  |  sos  
----+------------------+-------+-------+-------+-------
  1 | Leinster         |  0.59 |  0.49 | -0.09 | -0.03
  2 | Ulster           |  0.37 |  0.27 | -0.10 |  0.01
  3 | Munster          |  0.34 |  0.20 | -0.14 | -0.03
  4 | Connacht         |  0.19 |  0.21 |  0.02 | -0.03
  5 | Ospreys          |  0.01 | -0.06 | -0.08 | -0.02
  6 | Scarlets         |  0.01 | -0.04 | -0.05 | -0.05
  7 | Glasgow Warriors | -0.07 | -0.04 |  0.03 |  0.11
  8 | Edinburgh        | -0.09 | -0.10 | -0.01 |  0.09
  9 | Cardiff Blues    | -0.16 | -0.24 | -0.08 |  0.05
 10 | Dragons          | -0.22 | -0.08 |  0.14 |  0.03
 11 | Benetton         | -0.44 | -0.27 |  0.17 |  0.03
 12 | Zebre            | -0.49 | -0.29 |  0.21 | -0.01
(12 rows)

COPY 12
COMMIT
