BEGIN
CREATE TABLE
INSERT 0 18
 rk |     team     |  str  |  ofs  |  dfs  |  sos  
----+--------------+-------+-------+-------+-------
  1 | New Zealand  |  1.35 |  0.72 | -0.63 |  0.54
  2 | South Africa |  0.91 |  0.50 | -0.41 |  0.56
  3 | Australia    |  0.90 |  0.47 | -0.43 |  0.66
  4 | England      |  0.71 |  0.32 | -0.39 |  0.52
  5 | Ireland      |  0.59 |  0.23 | -0.35 |  0.34
  6 | France       |  0.58 |  0.28 | -0.30 |  0.44
  7 | Wales        |  0.42 |  0.25 | -0.17 |  0.42
  8 | Argentina    |  0.24 |  0.13 | -0.12 |  0.73
  9 | Scotland     |  0.06 | -0.05 | -0.11 |  0.31
 10 | Samoa        | -0.17 | -0.12 |  0.05 | -0.20
 11 | Italy        | -0.26 | -0.14 |  0.12 |  0.29
 12 | Fiji         | -0.34 | -0.11 |  0.23 | -0.34
 13 | Tonga        | -0.45 | -0.17 |  0.28 | -0.52
 14 | Japan        | -0.71 | -0.23 |  0.48 | -0.41
 15 | Canada       | -0.80 | -0.39 |  0.41 | -0.57
 16 | USA          | -0.89 | -0.39 |  0.50 | -0.45
 17 | Georgia      | -1.02 | -0.65 |  0.37 | -0.63
 18 | Romania      | -1.12 | -0.58 |  0.54 | -0.78
(18 rows)

 rk |     team     |  str  |  ofs  |  dfs  |  sos  
----+--------------+-------+-------+-------+-------
  1 | New Zealand  |  1.35 |  0.72 | -0.63 |  0.54
  2 | South Africa |  0.91 |  0.50 | -0.41 |  0.56
  3 | Australia    |  0.90 |  0.47 | -0.43 |  0.66
  4 | England      |  0.71 |  0.32 | -0.39 |  0.52
  5 | Ireland      |  0.59 |  0.23 | -0.35 |  0.34
  6 | France       |  0.58 |  0.28 | -0.30 |  0.44
  7 | Wales        |  0.42 |  0.25 | -0.17 |  0.42
  8 | Argentina    |  0.24 |  0.13 | -0.12 |  0.73
  9 | Scotland     |  0.06 | -0.05 | -0.11 |  0.31
 10 | Samoa        | -0.17 | -0.12 |  0.05 | -0.20
 11 | Italy        | -0.26 | -0.14 |  0.12 |  0.29
 12 | Fiji         | -0.34 | -0.11 |  0.23 | -0.34
 13 | Tonga        | -0.45 | -0.17 |  0.28 | -0.52
 14 | Japan        | -0.71 | -0.23 |  0.48 | -0.41
 15 | Canada       | -0.80 | -0.39 |  0.41 | -0.57
 16 | USA          | -0.89 | -0.39 |  0.50 | -0.45
 17 | Georgia      | -1.02 | -0.65 |  0.37 | -0.63
 18 | Romania      | -1.12 | -0.58 |  0.54 | -0.78
(18 rows)

COPY 18
COMMIT
