BEGIN
CREATE TABLE
INSERT 0 14
 rk |       team       |  str  |  ofs  |  dfs  |  sos  
----+------------------+-------+-------+-------+-------
  1 | Tasman           |  0.75 |  0.25 | -0.50 | -0.05
  2 | Bay of Plenty    |  0.34 |  0.06 | -0.29 | -0.16
  3 | Canterbury       |  0.32 |  0.16 | -0.16 |  0.03
  4 | Waikato          |  0.28 |  0.27 | -0.01 | -0.01
  5 | Auckland         |  0.27 |  0.03 | -0.24 |  0.08
  6 | Wellington       |  0.26 |  0.22 | -0.05 |  0.10
  7 | Taranaki         |  0.12 |  0.02 | -0.10 |  0.04
  8 | Hawke’s Bay      | -0.02 | -0.03 | -0.01 | -0.10
  9 | North Harbour    | -0.10 |  0.00 |  0.10 |  0.12
 10 | Northland        | -0.35 |  0.00 |  0.34 | -0.01
 11 | Counties Manukau | -0.36 | -0.19 |  0.16 |  0.11
 12 | Otago            | -0.37 | -0.08 |  0.29 |  0.01
 13 | Southland        | -0.51 | -0.34 |  0.16 | -0.01
 14 | Manawatu         | -0.67 | -0.32 |  0.34 |  0.01
(14 rows)

 rk |       team       |  str  |  ofs  |  dfs  |  sos  
----+------------------+-------+-------+-------+-------
  1 | Tasman           |  0.75 |  0.25 | -0.50 | -0.05
  2 | Bay of Plenty    |  0.34 |  0.06 | -0.29 | -0.16
  3 | Canterbury       |  0.32 |  0.16 | -0.16 |  0.03
  4 | Waikato          |  0.28 |  0.27 | -0.01 | -0.01
  5 | Auckland         |  0.27 |  0.03 | -0.24 |  0.08
  6 | Wellington       |  0.26 |  0.22 | -0.05 |  0.10
  7 | Taranaki         |  0.12 |  0.02 | -0.10 |  0.04
  8 | Hawke’s Bay      | -0.02 | -0.03 | -0.01 | -0.10
  9 | North Harbour    | -0.10 |  0.00 |  0.10 |  0.12
 10 | Northland        | -0.35 |  0.00 |  0.34 | -0.01
 11 | Counties Manukau | -0.36 | -0.19 |  0.16 |  0.11
 12 | Otago            | -0.37 | -0.08 |  0.29 |  0.01
 13 | Southland        | -0.51 | -0.34 |  0.16 | -0.01
 14 | Manawatu         | -0.67 | -0.32 |  0.34 |  0.01
(14 rows)

COPY 14
COMMIT
