BEGIN
CREATE TABLE
INSERT 0 13
 rk |       team       |  str  |  ofs  |  dfs  |  sos  
----+------------------+-------+-------+-------+-------
  1 | St Helens        |  1.13 |  0.23 | -0.90 | -0.08
  2 | Wigan            |  0.48 |  0.09 | -0.39 |  0.03
  3 | Warrington       |  0.35 | -0.01 | -0.36 |  0.03
  4 | Catalans Dragons |  0.30 |  0.25 | -0.05 |  0.01
  5 | Castleford       |  0.28 |  0.14 | -0.14 |  0.10
  6 | Hull FC          |  0.21 |  0.21 | -0.01 |  0.03
  7 | Leeds            | -0.10 |  0.00 |  0.10 |  0.06
  8 | Huddersfield     | -0.18 | -0.19 | -0.01 |  0.11
  9 | Hull KR          | -0.30 | -0.02 |  0.28 |  0.21
 10 | Wakefield        | -0.44 | -0.17 |  0.26 |  0.21
 11 | Leigh            | -0.50 | -0.02 |  0.48 |  0.37
 12 | Salford          | -0.52 | -0.22 |  0.31 |  0.19
 13 | Toronto          | -0.77 | -0.26 |  0.51 |  0.27
(13 rows)

 rk |       team       |  str  |  ofs  |  dfs  |  sos  
----+------------------+-------+-------+-------+-------
  1 | St Helens        |  1.13 |  0.23 | -0.90 | -0.08
  2 | Wigan            |  0.48 |  0.09 | -0.39 |  0.03
  3 | Warrington       |  0.35 | -0.01 | -0.36 |  0.03
  4 | Catalans Dragons |  0.30 |  0.25 | -0.05 |  0.01
  5 | Castleford       |  0.28 |  0.14 | -0.14 |  0.10
  6 | Hull FC          |  0.21 |  0.21 | -0.01 |  0.03
  7 | Leeds            | -0.10 |  0.00 |  0.10 |  0.06
  8 | Huddersfield     | -0.18 | -0.19 | -0.01 |  0.11
  9 | Hull KR          | -0.30 | -0.02 |  0.28 |  0.21
 10 | Wakefield        | -0.44 | -0.17 |  0.26 |  0.21
 11 | Leigh            | -0.50 | -0.02 |  0.48 |  0.37
 12 | Salford          | -0.52 | -0.22 |  0.31 |  0.19
 13 | Toronto          | -0.77 | -0.26 |  0.51 |  0.27
(13 rows)

COPY 13
COMMIT
